16, 16
[ 14,0 ] = [ 36,28,237 ]
[ 8,6 ] = [ 36,28,237 ]
[ 13,0 ] = [ 36,28,237 ]
[ 12,1 ] = [ 36,28,237 ]
[ 12,0 ] = [ 36,28,237 ]
[ 11,0 ] = [ 36,28,237 ]
[ 10,1 ] = [ 36,28,237 ]
[ 9,2 ] = [ 36,28,237 ]
[ 8,3 ] = [ 36,28,237 ]
[ 14,4 ] = [ 36,28,237 ]
[ 11,1 ] = [ 36,28,237 ]
[ 10,0 ] = [ 36,28,237 ]
[ 9,3 ] = [ 36,28,237 ]
[ 8,2 ] = [ 36,28,237 ]
[ 9,0 ] = [ 36,28,237 ]
[ 8,1 ] = [ 36,28,237 ]
[ 10,2 ] = [ 36,28,237 ]
[ 9,1 ] = [ 36,28,237 ]
[ 8,0 ] = [ 36,28,237 ]
[ 13,10 ] = [ 36,28,237 ]
[ 7,0 ] = [ 36,28,237 ]
[ 6,1 ] = [ 36,28,237 ]
[ 5,2 ] = [ 36,28,237 ]
[ 4,3 ] = [ 36,28,237 ]
[ 3,4 ] = [ 36,28,237 ]
[ 2,5 ] = [ 36,28,237 ]
[ 1,6 ] = [ 36,28,237 ]
[ 7,1 ] = [ 36,28,237 ]
[ 6,0 ] = [ 36,28,237 ]
[ 5,3 ] = [ 36,28,237 ]
[ 4,2 ] = [ 36,28,237 ]
[ 3,5 ] = [ 36,28,237 ]
[ 2,4 ] = [ 36,28,237 ]
[ 0,6 ] = [ 36,28,237 ]
[ 7,2 ] = [ 36,28,237 ]
[ 6,3 ] = [ 36,28,237 ]
[ 5,0 ] = [ 36,28,237 ]
[ 4,1 ] = [ 36,28,237 ]
[ 3,6 ] = [ 36,28,237 ]
[ 1,4 ] = [ 36,28,237 ]
[ 0,5 ] = [ 36,28,237 ]
[ 7,3 ] = [ 36,28,237 ]
[ 6,2 ] = [ 36,28,237 ]
[ 5,1 ] = [ 36,28,237 ]
[ 4,0 ] = [ 36,28,237 ]
[ 2,6 ] = [ 36,28,237 ]
[ 1,5 ] = [ 36,28,237 ]
[ 0,4 ] = [ 36,28,237 ]
[ 7,4 ] = [ 36,28,237 ]
[ 3,0 ] = [ 36,28,237 ]
[ 2,1 ] = [ 36,28,237 ]
[ 1,2 ] = [ 36,28,237 ]
[ 0,3 ] = [ 36,28,237 ]
[ 6,4 ] = [ 36,28,237 ]
[ 3,1 ] = [ 36,28,237 ]
[ 2,0 ] = [ 36,28,237 ]
[ 1,3 ] = [ 36,28,237 ]
[ 0,2 ] = [ 36,28,237 ]
[ 5,4 ] = [ 36,28,237 ]
[ 4,5 ] = [ 36,28,237 ]
[ 3,2 ] = [ 36,28,237 ]
[ 2,3 ] = [ 36,28,237 ]
[ 1,0 ] = [ 36,28,237 ]
[ 0,1 ] = [ 36,28,237 ]
[ 5,5 ] = [ 36,28,237 ]
[ 4,4 ] = [ 36,28,237 ]
[ 3,3 ] = [ 36,28,237 ]
[ 2,2 ] = [ 36,28,237 ]
[ 1,1 ] = [ 36,28,237 ]
[ 0,0 ] = [ 36,28,237 ]
[ 15,0 ] = [ 29,230,181 ]
[ 14,1 ] = [ 29,230,181 ]
[ 13,2 ] = [ 29,230,181 ]
[ 12,3 ] = [ 29,230,181 ]
[ 11,4 ] = [ 29,230,181 ]
[ 10,5 ] = [ 29,230,181 ]
[ 9,6 ] = [ 29,230,181 ]
[ 8,7 ] = [ 29,230,181 ]
[ 7,8 ] = [ 29,230,181 ]
[ 6,9 ] = [ 29,230,181 ]
[ 15,1 ] = [ 29,230,181 ]
[ 13,3 ] = [ 29,230,181 ]
[ 12,2 ] = [ 29,230,181 ]
[ 11,5 ] = [ 29,230,181 ]
[ 10,4 ] = [ 29,230,181 ]
[ 9,7 ] = [ 29,230,181 ]
[ 7,9 ] = [ 29,230,181 ]
[ 6,8 ] = [ 29,230,181 ]
[ 15,2 ] = [ 29,230,181 ]
[ 14,3 ] = [ 29,230,181 ]
[ 11,6 ] = [ 29,230,181 ]
[ 10,7 ] = [ 29,230,181 ]
[ 9,4 ] = [ 29,230,181 ]
[ 8,5 ] = [ 29,230,181 ]
[ 7,10 ] = [ 29,230,181 ]
[ 5,8 ] = [ 29,230,181 ]
[ 15,3 ] = [ 29,230,181 ]
[ 14,2 ] = [ 29,230,181 ]
[ 13,1 ] = [ 29,230,181 ]
[ 11,7 ] = [ 29,230,181 ]
[ 10,6 ] = [ 29,230,181 ]
[ 9,5 ] = [ 29,230,181 ]
[ 8,4 ] = [ 29,230,181 ]
[ 4,8 ] = [ 29,230,181 ]
[ 15,4 ] = [ 29,230,181 ]
[ 14,5 ] = [ 29,230,181 ]
[ 13,6 ] = [ 29,230,181 ]
[ 12,7 ] = [ 29,230,181 ]
[ 15,5 ] = [ 29,230,181 ]
[ 13,7 ] = [ 29,230,181 ]
[ 15,6 ] = [ 29,230,181 ]
[ 14,7 ] = [ 29,230,181 ]
[ 13,4 ] = [ 29,230,181 ]
[ 12,5 ] = [ 29,230,181 ]
[ 11,2 ] = [ 29,230,181 ]
[ 10,3 ] = [ 29,230,181 ]
[ 15,7 ] = [ 29,230,181 ]
[ 14,6 ] = [ 29,230,181 ]
[ 13,5 ] = [ 29,230,181 ]
[ 12,4 ] = [ 29,230,181 ]
[ 11,3 ] = [ 29,230,181 ]
[ 15,8 ] = [ 29,230,181 ]
[ 14,9 ] = [ 29,230,181 ]
[ 12,11 ] = [ 29,230,181 ]
[ 11,12 ] = [ 29,230,181 ]
[ 0,7 ] = [ 29,230,181 ]
[ 15,9 ] = [ 29,230,181 ]
[ 14,8 ] = [ 29,230,181 ]
[ 13,11 ] = [ 29,230,181 ]
[ 12,10 ] = [ 29,230,181 ]
[ 10,12 ] = [ 29,230,181 ]
[ 1,7 ] = [ 29,230,181 ]
[ 15,10 ] = [ 29,230,181 ]
[ 14,11 ] = [ 29,230,181 ]
[ 13,8 ] = [ 29,230,181 ]
[ 12,9 ] = [ 29,230,181 ]
[ 2,7 ] = [ 29,230,181 ]
[ 15,11 ] = [ 29,230,181 ]
[ 14,10 ] = [ 29,230,181 ]
[ 13,9 ] = [ 29,230,181 ]
[ 12,8 ] = [ 29,230,181 ]
[ 3,7 ] = [ 29,230,181 ]
[ 15,12 ] = [ 29,230,181 ]
[ 14,13 ] = [ 29,230,181 ]
[ 13,14 ] = [ 29,230,181 ]
[ 11,8 ] = [ 29,230,181 ]
[ 10,9 ] = [ 29,230,181 ]
[ 9,10 ] = [ 29,230,181 ]
[ 6,5 ] = [ 29,230,181 ]
[ 5,6 ] = [ 29,230,181 ]
[ 4,7 ] = [ 29,230,181 ]
[ 15,13 ] = [ 29,230,181 ]
[ 14,12 ] = [ 29,230,181 ]
[ 11,9 ] = [ 29,230,181 ]
[ 9,11 ] = [ 29,230,181 ]
[ 8,10 ] = [ 29,230,181 ]
[ 7,5 ] = [ 29,230,181 ]
[ 5,7 ] = [ 29,230,181 ]
[ 4,6 ] = [ 29,230,181 ]
[ 15,14 ] = [ 29,230,181 ]
[ 13,12 ] = [ 29,230,181 ]
[ 12,13 ] = [ 29,230,181 ]
[ 11,10 ] = [ 29,230,181 ]
[ 10,11 ] = [ 29,230,181 ]
[ 9,8 ] = [ 29,230,181 ]
[ 8,9 ] = [ 29,230,181 ]
[ 7,6 ] = [ 29,230,181 ]
[ 6,7 ] = [ 29,230,181 ]
[ 15,15 ] = [ 29,230,181 ]
[ 14,14 ] = [ 29,230,181 ]
[ 13,13 ] = [ 29,230,181 ]
[ 12,12 ] = [ 29,230,181 ]
[ 11,11 ] = [ 29,230,181 ]
[ 10,10 ] = [ 29,230,181 ]
[ 9,9 ] = [ 29,230,181 ]
[ 8,8 ] = [ 29,230,181 ]
[ 7,7 ] = [ 29,230,181 ]
[ 6,6 ] = [ 29,230,181 ]
[ 5,10 ] = [ 204,72,63 ]
[ 4,11 ] = [ 204,72,63 ]
[ 3,12 ] = [ 204,72,63 ]
[ 2,13 ] = [ 204,72,63 ]
[ 1,14 ] = [ 204,72,63 ]
[ 0,15 ] = [ 204,72,63 ]
[ 5,11 ] = [ 204,72,63 ]
[ 4,10 ] = [ 204,72,63 ]
[ 3,13 ] = [ 204,72,63 ]
[ 2,12 ] = [ 204,72,63 ]
[ 1,15 ] = [ 204,72,63 ]
[ 0,14 ] = [ 204,72,63 ]
[ 6,11 ] = [ 204,72,63 ]
[ 4,9 ] = [ 204,72,63 ]
[ 3,14 ] = [ 204,72,63 ]
[ 2,15 ] = [ 204,72,63 ]
[ 1,12 ] = [ 204,72,63 ]
[ 0,13 ] = [ 204,72,63 ]
[ 7,11 ] = [ 204,72,63 ]
[ 6,10 ] = [ 204,72,63 ]
[ 5,9 ] = [ 204,72,63 ]
[ 3,15 ] = [ 204,72,63 ]
[ 2,14 ] = [ 204,72,63 ]
[ 1,13 ] = [ 204,72,63 ]
[ 0,12 ] = [ 204,72,63 ]
[ 7,12 ] = [ 204,72,63 ]
[ 6,13 ] = [ 204,72,63 ]
[ 5,14 ] = [ 204,72,63 ]
[ 4,15 ] = [ 204,72,63 ]
[ 3,8 ] = [ 204,72,63 ]
[ 2,9 ] = [ 204,72,63 ]
[ 1,10 ] = [ 204,72,63 ]
[ 0,11 ] = [ 204,72,63 ]
[ 12,6 ] = [ 204,72,63 ]
[ 7,13 ] = [ 204,72,63 ]
[ 6,12 ] = [ 204,72,63 ]
[ 5,15 ] = [ 204,72,63 ]
[ 4,14 ] = [ 204,72,63 ]
[ 3,9 ] = [ 204,72,63 ]
[ 2,8 ] = [ 204,72,63 ]
[ 1,11 ] = [ 204,72,63 ]
[ 0,10 ] = [ 204,72,63 ]
[ 7,14 ] = [ 204,72,63 ]
[ 6,15 ] = [ 204,72,63 ]
[ 5,12 ] = [ 204,72,63 ]
[ 4,13 ] = [ 204,72,63 ]
[ 3,10 ] = [ 204,72,63 ]
[ 2,11 ] = [ 204,72,63 ]
[ 1,8 ] = [ 204,72,63 ]
[ 0,9 ] = [ 204,72,63 ]
[ 7,15 ] = [ 204,72,63 ]
[ 6,14 ] = [ 204,72,63 ]
[ 5,13 ] = [ 204,72,63 ]
[ 4,12 ] = [ 204,72,63 ]
[ 3,11 ] = [ 204,72,63 ]
[ 2,10 ] = [ 204,72,63 ]
[ 1,9 ] = [ 204,72,63 ]
[ 0,8 ] = [ 204,72,63 ]
[ 10,13 ] = [ 204,72,63 ]
[ 9,14 ] = [ 204,72,63 ]
[ 8,15 ] = [ 204,72,63 ]
[ 11,13 ] = [ 204,72,63 ]
[ 9,15 ] = [ 204,72,63 ]
[ 8,14 ] = [ 204,72,63 ]
[ 11,14 ] = [ 204,72,63 ]
[ 10,15 ] = [ 204,72,63 ]
[ 9,12 ] = [ 204,72,63 ]
[ 8,13 ] = [ 204,72,63 ]
[ 11,15 ] = [ 204,72,63 ]
[ 10,14 ] = [ 204,72,63 ]
[ 9,13 ] = [ 204,72,63 ]
[ 8,12 ] = [ 204,72,63 ]
[ 12,15 ] = [ 204,72,63 ]
[ 8,11 ] = [ 204,72,63 ]
[ 13,15 ] = [ 204,72,63 ]
[ 12,14 ] = [ 204,72,63 ]
[ 10,8 ] = [ 204,72,63 ]
[ 14,15 ] = [ 204,72,63 ]
